temps=6500:3600
latlon=-12.579738:-41.700726
speed=1000
method=Auto
map=177.00|100.00;3.00|100.00;-6.00|0.00;-174.00|0.00;
